1.221e-01 
2.685e-01 
4.390e-01 
6.332e-01 
8.509e-01 
1.092e+00 
1.356e+00 
1.830e+00 
2.510e+00 
3.387e+00 
4.450e+00 
5.652e+00 
6.818e+00 
7.947e+00 
9.042e+00 
1.011e+01 
1.115e+01 
1.217e+01 
1.319e+01 
1.419e+01 
1.519e+01 
1.618e+01 
1.716e+01 
1.831e+01 
1.936e+01 
2.044e+01 
2.156e+01 
2.272e+01 
2.392e+01 
2.516e+01 
2.644e+01 
2.776e+01 
2.913e+01 
3.055e+01 
3.201e+01 
3.354e+01 
3.512e+01 
3.678e+01 
3.850e+01 
4.029e+01 
4.214e+01 
4.405e+01 
4.602e+01 
4.803e+01 
5.007e+01 
5.219e+01 
5.454e+01 
5.718e+01 
6.009e+01 
6.318e+01 
6.633e+01 
6.940e+01 
7.236e+01 
7.526e+01 
7.812e+01 
8.095e+01 
8.384e+01 
8.672e+01 
8.956e+01 
9.235e+01 
9.510e+01 
9.783e+01 
1.006e+02 
1.037e+02 
