                                                           END OF HEADER
START OF TEC MAP
  2005     1     1    14     0     0                        EPOCH OF CURRENT MAP
    87.5-180.0 180.0   5.0 450.0                            LAT/LON1/LON2/DLON/H
   44   44   44   43   43   43   42   42   41   41   40   40   40   39   39   38
   38   38   38   37   37   37   37   37   37   37   37   37   37   38   38   38
   38   39   39   39   39   40   40   40   40   41   41   41   41   42   42   42
   42   42   43   43   43   43   44   44   44   44   44   44   44   45   45   45
   45   45   45   45   45   44   44   44   44
    85.0-180.0 180.0   5.0 450.0                            LAT/LON1/LON2/DLON/H
   45   45   44   44   43   43   42   41   40   39   38   37   36   35   34   34
   33   32   32   31   31   31   31   31   31   32   32   33   33   34   35   35
   36   36   37   37   38   38   38   38   39   39   39   39   40   40   40   41
   41   41   42   42   42   43   43   43   43   44   44   44   44   45   45   45
   45   45   45   45   45   45   45   45   45
    82.5-180.0 180.0   5.0 450.0                            LAT/LON1/LON2/DLON/H
   44   44   44   43   43   42   41   40   39   38   36   35   33   32   30   29
   28   26   26   25   25   25   25   26   27   28   29   30   32   33   34   35
   36   37   37   37   37   37   37   37   37   37   37   37   37   38   38   38
   39   39   40   40   41   41   41   42   42   42   42   42   42   43   43   43
   43   43   44   44   44   44   44   44   44
    80.0-180.0 180.0   5.0 450.0                            LAT/LON1/LON2/DLON/H
   42   42   42   42   42   41   40   39   38   37   36   34   32   30   28   26
   25   23   22   21   21   21   22   23   25   27   30   32   34   36   38   39
   40   40   40   40   39   38   37   36   35   35   34   34   34   35   35   36
   37   38   38   39   40   40   40   41   41   40   40   40   40   40   40   40
   40   40   41   41   42   42   42   42   42
    77.5-180.0 180.0   5.0 450.0                            LAT/LON1/LON2/DLON/H
   40   40   40   40   40   40   39   39   38   37   36   35   33   31   29   27
   25   23   22   21   21   22   23   25   28   31   35   38   41   44   46   47
   47   47   46   44   42   40   38   36   34   33   32   32   32   33   34   35
   36   37   38   39   40   41   41   41   40   40   39   39   38   38   37   37
   37   37   38   38   39   39   40   40   40
    75.0-180.0 180.0   5.0 450.0                            LAT/LON1/LON2/DLON/H
   39   39   38   38   38   38   38   39   39   39   39   38   37   35   33   31
   29   28   26   26   26   27   29   32   36   40   44   48   52   55   56   57
   57   55   53   49   46   42   39   36   33   32   31   30   31   32   33   34
   36   38   39   41   42   42   43   42   42   41   40   39   38   37   36   35
   35   36   36   37   37   38   38   38   39
    72.5-180.0 180.0   5.0 450.0                            LAT/LON1/LON2/DLON/H
   38   38   37   37   37   37   38   39   40   41   41   42   41   41   39   38
   36   35   33   33   34   35   38   41   46   51   55   60   64   67   68   68
   66   63   59   55   50   45   40   37   34   32   31   30   31   32   33   35
   37   39   41   42   43   44   44   44   44   43   41   40   38   37   36   35
   35   35   35   36   37   38   38   38   38
    70.0-180.0 180.0   5.0 450.0                            LAT/LON1/LON2/DLON/H
   39   38   37   37   37   37   37   39   40   42   43   45   45   45   45   44
   43   42   42   42   43   45   48   52   57   62   67   71   75   77   78   77
   75   71   65   59   54   48   43   39   36   34   33   32   32   33   34   35
   37   39   40   42   43   44   44   44   44   43   42   41   39   38   36   35
   35   35   36   36   37   38   39   39   39
    67.5-180.0 180.0   5.0 450.0                            LAT/LON1/LON2/DLON/H
   40   39   38   37   37   37   37   38   40   42   44   45   47   47   48   48
   48   48   49   50   52   55   58   62   67   72   76   80   84   85   86   84
   81   76   70   64   57   52   47   43   40   38   37   36   35   35   35   35
   36   37   38   39   40   40   41   41   41   41   41   40   39   38   37   36
   35   35   36   37   38   39   40   40   40
    65.0-180.0 180.0   5.0 450.0                            LAT/LON1/LON2/DLON/H
   41   40   39   38   37   37   37   37   39   40   42   43   45   46   47   48
   49   51   53   55   58   62   66   70   75   79   83   87   89   91   91   89
   85   81   75   68   62   57   52   49   46   44   43   41   39   37   36   35
   34   33   33   33   33   34   34   35   36   36   37   38   38   37   36   35
   35   35   35   36   38   40   41   41   41
    62.5-180.0 180.0   5.0 450.0                            LAT/LON1/LON2/DLON/H
   41   40   39   38   37   37   36   36   36   37   37   38   39   41   42   44
   46   50   53   57   62   66   71   75   80   84   87   90   93   94   94   93
   90   85   80   74   68   64   60   57   55   53   50   47   44   40   37   33
   31   29   27   26   25   25   25   26   28   30   32   34   35   36   36   35
   34   34   34   35   37   39   40   41   41
    60.0-180.0 180.0   5.0 450.0                            LAT/LON1/LON2/DLON/H
   40   39   39   38   37   36   35   34   33   32   32   32   32   33   34   37
   41   45   51   57   63   69   74   79   83   87   91   94   97   98   99   98
   95   92   87   82   77   73   69   67   64   62   58   54   49   43   38   33
   29   25   22   20   18   17   17   18   20   23   26   29   32   34   35   35
   34   33   33   34   36   38   39   40   40
    57.5-180.0 180.0   5.0 450.0                            LAT/LON1/LON2/DLON/H
   39   38   38   37   37   36   34   32   30   28   27   26   25   25   27   29
   34   40   48   55   63   70   76   82   87   92   96   99  102  104  105  105
  103  100   96   91   87   83   80   77   74   71   66   60   54   47   41   35
   30   25   21   18   15   13   13   14   16   19   23   27   31   34   36   36
   35   34   34   34   36   38   39   39   39
    55.0-180.0 180.0   5.0 450.0                            LAT/LON1/LON2/DLON/H
   38   37   37   37   37   36   34   31   28   26   24   22   21   20   20   23
   28   36   45   55   63   72   79   86   93   98  104  108  111  113  114  114
  113  109  105  101   97   94   91   88   84   79   73   66   59   52   46   40
   35   30   26   22   19   16   15   16   17   20   23   28   33   37   40   40
   39   38   37   37   39   40   40   40   38
    52.5-180.0 180.0   5.0 450.0                            LAT/LON1/LON2/DLON/H
   41   39   39   39   39   38   36   32   28   26   24   22   20   18   18   20
   26   35   45   56   66   75   84   92  101  108  114  119  122  124  125  124
  122  118  115  111  107  104  101   97   92   87   80   72   65   59   53   48
   44   39   35   32   29   26   25   25   25   27   29   33   38   43   46   47
   46   44   43   43   44   45   45   43   41
    50.0-180.0 180.0   5.0 450.0                            LAT/LON1/LON2/DLON/H
   46   44   43   44   44   42   39   35   31   29   27   26   24   21   20   22
   28   37   49   61   71   81   91  101  111  120  127  132  135  136  135  132
  129  125  121  117  115  112  109  105  100   93   86   79   72   67   62   58
   55   51   48   45   43   41   40   39   39   38   39   41   46   50   54   55
   54   52   50   51   52   53   52   49   46
    47.5-180.0 180.0   5.0 450.0                            LAT/LON1/LON2/DLON/H
   53   51   50   51   51   49   45   40   36   34   34   33   31   28   25   27
   33   43   56   68   79   89   99  110  121  131  139  144  146  144  141  136
  131  126  123  121  119  118  116  113  107  100   93   85   80   75   71   68
   66   63   61   59   58   57   57   56   55   52   51   51   54   58   61   62
   61   59   58   59   61   62   61   57   53
    45.0-180.0 180.0   5.0 450.0                            LAT/LON1/LON2/DLON/H
   62   59   59   60   60   57   52   47   43   41   42   42   40   36   33   34
   40   52   65   78   89   99  109  120  131  142  149  153  152  148  142  135
  128  123  121  121  122  123  122  120  115  108  100   93   88   84   80   77
   74   72   71   70   70   70   71   71   69   65   61   59   60   63   66   67
   66   63   62   63   67   69   69   65   62
    42.5-180.0 180.0   5.0 450.0                            LAT/LON1/LON2/DLON/H
   68   66   67   68   69   66   60   54   50   49   51   52   50   45   42   42
   49   61   76   89   99  108  118  128  139  149  156  157  154  147  138  128
  121  117  117  119  122  126  128  127  123  117  110  103   97   92   88   83
   80   77   76   76   76   78   79   79   77   73   67   63   62   64   67   68
   66   63   61   63   68   72   73   71   68
    40.0-180.0 180.0   5.0 450.0                            LAT/LON1/LON2/DLON/H
   71   71   73   75   76   73   67   61   57   56   58   60   58   54   49   50
   58   72   87  100  110  118  126  136  145  153  158  158  152  142  131  120
  114  112  114  119  124  129  133  134  133  127  121  114  108  101   95   88
   82   78   77   77   78   79   80   80   79   75   68   63   60   62   64   65
   62   58   56   58   63   69   72   72   71
    37.5-180.0 180.0   5.0 450.0                            LAT/LON1/LON2/DLON/H
   69   71   74   78   79   77   72   66   62   61   63   65   64   60   56   58
   67   82   98  111  120  127  134  142  149  155  157  156  149  137  124  114
  110  111  116  122  128  134  139  142  142  139  133  126  119  112  103   93
   84   79   77   77   77   76   76   76   75   71   64   58   55   56   59   59
   56   51   48   49   55   61   66   68   69
    35.0-180.0 180.0   5.0 450.0                            LAT/LON1/LON2/DLON/H
   63   66   71   75   78   77   74   69   65   63   65   67   67   64   62   65
   76   92  109  122  131  137  142  148  153  156  157  154  147  135  123  115
  114  120  128  133  137  140  145  149  152  151  147  140  134  125  114  102
   91   85   83   82   80   76   72   69   68   64   58   52   49   50   53   54
   50   44   40   40   45   51   56   60   63
    32.5-180.0 180.0   5.0 450.0                            LAT/LON1/LON2/DLON/H
   55   59   64   69   72   74   72   69   65   63   64   66   67   67   67   73
   85  102  119  133  142  148  152  155  157  158  159  157  151  140  130  126
  130  140  150  153  151  149  151  157  162  164  161  156  151  143  132  118
  107  100   97   96   91   82   73   66   63   59   54   48   44   45   49   51
   48   42   37   35   39   43   48   52   55
    30.0-180.0 180.0   5.0 450.0                            LAT/LON1/LON2/DLON/H
   49   52   56   60   64   68   68   67   64   61   61   64   66   68   72   80
   94  113  130  144  153  159  163  164  164  163  164  164  161  154  147  148
  158  173  182  180  170  160  159  165  173  177  177  175  172  167  157  144
  133  126  124  122  113   99   84   72   65   60   54   48   44   45   50   53
   52   47   41   38   39   42   44   47   49
    27.5-180.0 180.0   5.0 450.0                            LAT/LON1/LON2/DLON/H
   49   49   50   52   56   61   64   64   61   58   57   60   64   69   76   87
  104  123  140  155  165  172  175  175  173  171  174  178  179  176  173  178
  195  214  223  215  194  175  169  175  185  193  195  196  197  196  191  180
  169  163  162  159  148  128  106   88   77   70   62   54   49   49   55   61
   62   59   53   49   48   48   48   48   49
    25.0-180.0 180.0   5.0 450.0                            LAT/LON1/LON2/DLON/H
   54   51   48   48   50   56   60   62   59   55   54   56   62   70   80   94
  112  132  150  165  176  185  188  187  183  182  187  196  202  203  204  215
  237  261  269  253  221  193  182  189  202  212  217  221  227  231  230  223
  213  208  207  203  190  166  138  114   99   88   78   67   59   58   64   72
   76   75   71   68   65   63   61   58   54
    22.5-180.0 180.0   5.0 450.0                            LAT/LON1/LON2/DLON/H
   66   59   52   47   48   53   59   61   58   53   51   53   60   71   84  100
  119  140  159  174  188  197  201  199  193  193  201  216  227  232  236  252
  280  307  314  291  251  216  202  210  225  237  244  250  260  269  273  268
  259  253  251  247  233  206  175  147  128  114  100   85   73   70   76   84
   91   92   91   89   86   83   78   73   66
    20.0-180.0 180.0   5.0 450.0                            LAT/LON1/LON2/DLON/H
   81   70   59   52   50   55   60   62   58   52   49   52   60   71   86  104
  125  147  166  183  198  209  214  210  203  204  216  235  251  259  266  285
  318  349  355  328  282  243  229  239  256  269  275  282  294  307  313  310
  300  292  288  283  268  242  210  181  159  142  124  105   90   84   87   95
  102  106  107  107  106  103   98   91   81
    17.5-180.0 180.0   5.0 450.0                            LAT/LON1/LON2/DLON/H
   95   82   68   58   55   59   63   64   59   53   50   52   60   72   88  108
  130  153  173  191  208  221  225  221  213  214  229  252  272  283  292  313
  348  382  389  361  314  276  264  276  294  305  310  315  327  341  347  343
  331  319  311  305  291  267  237  210  188  169  148  126  107   98   98  104
  109  114  116  119  119  118  113  106   95
    15.0-180.0 180.0   5.0 450.0                            LAT/LON1/LON2/DLON/H
  104   90   75   64   61   63   66   66   61   54   51   53   61   74   91  112
  136  159  180  200  218  232  237  232  224  225  242  268  290  302  312  333
  370  405  414  388  345  311  304  318  336  344  345  347  356  368  372  365
  348  332  320  311  298  277  252  229  209  190  169  145  124  112  109  110
  112  114  117  121  124  124  121  115  104
    12.5-180.0 180.0   5.0 450.0                            LAT/LON1/LON2/DLON/H
  106   93   78   68   65   67   69   67   62   56   53   56   64   77   95  118
  142  167  189  209  229  243  249  244  236  237  255  282  306  318  327  348
  385  419  430  409  373  347  346  362  378  382  377  375  379  386  386  375
  354  333  317  305  292  275  255  237  221  205  185  162  142  129  121  117
  113  112  113  116  119  121  120  115  106
    10.0-180.0 180.0   5.0 450.0                            LAT/LON1/LON2/DLON/H
  101   89   76   67   65   67   69   67   61   56   55   59   68   82  101  125
  151  176  199  220  240  256  262  258  251  253  270  297  320  332  341  360
  393  426  438  424  397  381  386  402  414  413  404  397  396  397  391  375
  352  328  308  293  279  265  250  237  226  213  197  179  162  149  138  127
  117  110  107  108  111  112  112  108  101
     7.5-180.0 180.0   5.0 450.0                            LAT/LON1/LON2/DLON/H
   91   81   70   63   62   65   66   64   59   56   56   61   72   88  109  135
  162  188  211  233  253  269  277  275  269  272  288  313  335  346  353  369
  398  427  440  432  416  410  418  433  440  434  421  411  406  401  390  371
  347  322  300  283  267  253  241  232  225  217  207  195  184  173  161  145
  128  114  107  104  103  102  100   98   91
     5.0-180.0 180.0   5.0 450.0                            LAT/LON1/LON2/DLON/H
   82   73   64   58   57   60   61   60   56   54   56   63   75   94  119  146
  174  200  223  245  265  282  292  293  290  293  308  330  350  359  365  378
  400  424  437  435  428  430  441  452  453  443  430  418  410  401  386  367
  344  322  300  280  261  245  233  227  223  219  215  212  208  202  189  170
  148  129  117  109  103   97   92   88   82
     2.5-180.0 180.0   5.0 450.0                            LAT/LON1/LON2/DLON/H
   78   69   59   53   53   55   57   55   52   51   54   63   78  100  127  156
  185  211  234  255  275  293  305  309  310  315  328  346  363  372  376  385
  401  419  430  433  434  441  452  458  454  442  430  420  411  400  384  366
  348  330  309  287  265  246  232  225  222  222  224  227  231  231  220  200
  176  155  139  126  114  102   92   85   78
     0.0-180.0 180.0   5.0 450.0                            LAT/LON1/LON2/DLON/H
   82   72   61   53   51   53   53   52   49   48   51   62   80  105  134  164
  193  218  241  263  282  300  314  323  327  333  344  359  373  381  385  391
  401  413  422  428  435  445  454  454  446  434  425  420  413  401  386  371
  358  345  327  304  278  254  237  227  224  225  231  241  251  256  250  232
  209  188  171  155  136  117  102   91   82
    -2.5-180.0 180.0   5.0 450.0                            LAT/LON1/LON2/DLON/H
   95   83   70   59   54   54   53   51   48   46   49   61   81  109  139  169
  196  221  244  266  285  303  318  330  338  346  355  367  378  386  390  394
  399  406  414  423  434  445  450  445  434  424  420  420  416  406  392  381
  373  363  347  323  294  267  246  233  227  228  235  248  263  272  271  258
  240  222  207  189  166  142  121  107   95
    -5.0-180.0 180.0   5.0 450.0                            LAT/LON1/LON2/DLON/H
  115  100   84   70   62   59   57   54   49   46   49   61   83  111  142  170
  195  219  243  265  284  301  317  330  342  350  359  368  377  385  390  393
  397  401  408  420  433  444  446  437  425  418  419  423  423  414  402  393
  387  379  364  338  307  277  254  238  230  229  235  248  264  276  279  272
  261  251  239  222  198  170  146  128  115
    -7.5-180.0 180.0   5.0 450.0                            LAT/LON1/LON2/DLON/H
  137  120  102   85   73   68   64   59   53   49   51   63   86  115  144  169
  192  215  239  261  280  296  311  325  338  348  355  363  372  380  387  391
  394  398  407  420  436  446  445  435  424  419  424  431  432  425  414  404
  397  387  369  342  310  280  256  239  229  226  229  239  253  266  272  272
  270  267  261  247  223  195  170  151  137
   -10.0-180.0 180.0   5.0 450.0                            LAT/LON1/LON2/DLON/H
  156  139  119   99   86   78   72   67   60   54   57   70   93  121  147  168
  187  209  233  257  275  289  302  316  329  340  348  355  363  373  382  388
  393  399  410  426  442  452  451  441  431  429  435  443  443  436  424  412
  400  384  361  332  301  273  250  234  223  217  216  221  231  243  252  258
  263  268  268  259  238  211  188  170  156
   -12.5-180.0 180.0   5.0 450.0                            LAT/LON1/LON2/DLON/H
  168  152  131  111   96   87   81   74   67   62   66   80  104  130  153  169
  185  204  228  252  271  283  294  306  320  331  339  346  356  367  378  387
  394  403  417  435  453  463  462  454  446  446  451  456  454  444  430  413
  394  370  340  309  279  254  236  222  211  203  198  197  202  211  221  231
  243  254  260  255  238  216  196  181  168
   -15.0-180.0 180.0   5.0 450.0                            LAT/LON1/LON2/DLON/H
  173  157  138  118  103   94   87   81   74   71   77   94  119  143  162  174
  185  203  226  250  267  278  288  299  313  325  334  342  352  365  378  389
  399  411  428  447  464  474  475  470  465  465  466  466  460  448  431  409
  381  348  312  278  250  229  215  204  195  185  177  171  171  176  186  199
  215  230  239  238  227  211  196  184  173
   -17.5-180.0 180.0   5.0 450.0                            LAT/LON1/LON2/DLON/H
  170  156  138  121  107   98   91   85   80   80   89  109  135  159  174  182
  189  204  225  248  265  276  285  296  310  323  334  343  355  369  383  395
  407  421  438  457  473  483  486  485  482  480  477  471  460  445  426  400
  365  324  282  246  220  204  193  185  177  167  156  147  143  145  154  168
  185  201  213  215  208  198  188  180  170
   -20.0-180.0 180.0   5.0 450.0                            LAT/LON1/LON2/DLON/H
  164  152  136  120  108   99   93   88   85   88  101  123  151  173  186  191
  196  207  226  246  263  274  284  297  313  327  339  350  363  377  391  404
  416  430  446  463  477  486  490  492  492  488  480  467  452  436  416  388
  349  303  258  222  198  183  175  168  160  150  139  128  121  121  129  143
  160  175  187  191  188  183  178  172  164
   -22.5-180.0 180.0   5.0 450.0                            LAT/LON1/LON2/DLON/H
  158  147  132  119  108  101   94   89   87   93  109  135  163  185  197  200
  201  209  225  243  258  271  284  300  318  335  349  361  373  387  400  411
  422  434  448  461  471  479  485  489  489  484  471  453  435  419  400  373
  334  288  244  209  186  172  163  155  147  137  126  115  107  106  113  126
  142  156  166  171  172  171  169  165  158
   -25.0-180.0 180.0   5.0 450.0                            LAT/LON1/LON2/DLON/H
  155  144  131  120  110  103   96   91   90   97  115  141  169  191  202  204
  205  210  221  236  251  266  283  303  324  343  358  371  383  395  406  416
  424  433  442  451  457  463  468  474  475  468  451  431  412  396  380  357
  322  280  239  207  185  171  159  148  138  128  117  107  100   99  106  118
  131  143  152  158  161  163  164  161  155
   -27.5-180.0 180.0   5.0 450.0                            LAT/LON1/LON2/DLON/H
  155  145  134  124  115  108  100   94   93  101  118  144  170  191  202  205
  204  207  214  226  240  257  278  302  326  347  363  376  388  398  407  414
  420  425  430  433  435  438  443  448  449  441  423  401  383  369  357  339
  311  276  242  214  193  177  161  146  132  121  111  103   97   97  103  114
  126  137  145  151  156  160  162  161  155
   -30.0-180.0 180.0   5.0 450.0                            LAT/LON1/LON2/DLON/H
  157  148  139  131  123  115  107  100   98  105  120  143  167  186  198  201
  201  202  206  214  227  245  269  296  323  345  362  375  385  394  401  405
  408  410  410  410  408  409  412  416  416  408  390  369  351  340  332  319
  298  272  246  223  204  185  165  145  129  116  107  100   96   96  102  112
  123  132  140  146  152  158  162  162  157
   -32.5-180.0 180.0   5.0 450.0                            LAT/LON1/LON2/DLON/H
  158  152  145  138  131  124  116  108  106  110  123  142  162  179  191  196
  197  196  198  203  214  232  257  286  314  337  353  365  375  382  387  389
  390  389  386  383  379  377  379  381  381  372  355  336  320  311  305  297
  283  265  247  229  212  191  168  145  125  112  103   97   93   93   99  108
  118  126  134  141  148  155  160  161  158
   -35.0-180.0 180.0   5.0 450.0                            LAT/LON1/LON2/DLON/H
  154  151  147  143  138  131  124  118  115  118  127  142  158  173  184  191
  194  194  193  195  204  220  244  273  300  322  338  349  357  363  367  367
  366  364  360  355  350  347  346  347  345  337  322  305  292  284  279  273
  264  253  241  228  212  191  166  142  121  107   98   92   89   89   93  101
  110  118  125  132  139  147  152  155  154
   -37.5-180.0 180.0   5.0 450.0                            LAT/LON1/LON2/DLON/H
  145  145  145  143  140  136  131  127  126  128  135  145  157  170  181  190
  194  195  194  194  199  212  233  258  283  303  318  328  335  340  342  342
  340  337  333  328  322  318  316  316  313  305  293  279  267  259  254  249
  242  235  227  218  204  185  160  136  116  102   94   88   84   83   86   92
  100  107  114  120  126  133  139  143  145
   -40.0-180.0 180.0   5.0 450.0                            LAT/LON1/LON2/DLON/H
  131  134  136  137  137  136  135  134  135  139  144  152  161  172  183  193
  199  201  200  198  200  209  225  245  266  283  296  305  311  315  316  315
  313  309  305  301  296  292  289  287  284  277  268  256  246  239  232  226
  220  214  209  202  190  173  151  129  111   99   91   85   81   79   80   85
   91   97  102  106  111  116  122  127  131
   -42.5-180.0 180.0   5.0 450.0                            LAT/LON1/LON2/DLON/H
  115  120  124  128  130  133  135  139  143  148  154  160  167  176  187  198
  206  210  209  206  204  208  219  233  249  263  274  282  288  290  290  288
  285  281  277  274  270  266  263  261  258  253  246  238  230  222  215  207
  200  194  189  183  173  158  140  123  108   98   91   86   81   79   79   82
   86   90   93   95   97  100  104  110  115
   -45.0-180.0 180.0   5.0 450.0                            LAT/LON1/LON2/DLON/H
  101  106  112  116  121  126  133  140  148  155  162  167  173  182  192  204
  213  217  217  213  209  209  213  222  233  244  254  261  265  266  264  261
  257  253  249  246  244  241  238  236  234  231  228  223  217  209  201  193
  184  177  172  166  157  146  132  118  107  100   95   90   86   84   84   86
   88   90   91   90   89   89   91   95  101
   -47.5-180.0 180.0   5.0 450.0                            LAT/LON1/LON2/DLON/H
   92   97  102  107  113  120  129  139  149  159  166  172  177  184  194  205
  214  219  219  215  209  206  206  210  217  226  233  239  242  242  239  235
  230  225  222  220  219  217  216  214  214  213  211  209  206  200  192  183
  174  166  159  153  146  137  127  117  110  105  101   98   95   94   94   95
   97   97   95   92   88   86   85   88   92
   -50.0-180.0 180.0   5.0 450.0                            LAT/LON1/LON2/DLON/H
   91   95   99  103  109  116  125  137  148  158  166  171  176  182  190  199
  208  213  213  209  203  197  194  196  200  206  212  217  219  219  215  210
  204  200  197  196  196  196  196  196  197  197  198  198  196  192  185  176
  167  159  152  146  140  133  126  119  115  111  109  108  106  106  107  108
  110  109  106  101   95   91   88   89   91
   -52.5-180.0 180.0   5.0 450.0                            LAT/LON1/LON2/DLON/H
   98  100  102  105  110  116  125  135  145  155  161  165  169  173  179  186
  193  197  197  193  187  181  177  177  180  184  190  194  196  195  192  187
  182  179  178  178  180  182  183  184  186  187  188  189  188  185  179  171
  163  156  149  143  138  132  127  123  120  118  117  116  116  117  119  121
  122  122  119  113  107  102   98   97   98
   -55.0-180.0 180.0   5.0 450.0                            LAT/LON1/LON2/DLON/H
  109  110  111  113  116  120  127  135  143  150  154  157  158  160  163  167
  172  174  174  170  165  160  156  155  157  162  167  172  174  174  172  169
  166  165  167  169  173  176  179  181  182  182  183  182  181  177  172  166
  159  152  146  141  137  133  129  126  124  123  122  122  122  124  126  129
  131  131  128  124  119  114  111  109  109
   -57.5-180.0 180.0   5.0 450.0                            LAT/LON1/LON2/DLON/H
  120  121  122  123  125  128  132  138  143  146  148  148  147  146  146  147
  149  149  148  145  141  137  134  134  136  141  146  151  155  157  158  158
  159  161  166  171  177  182  185  186  186  184  182  179  175  170  164  158
  152  146  142  138  135  132  130  128  126  125  124  123  124  125  127  130
  132  132  131  128  125  122  120  120  120
   -60.0-180.0 180.0   5.0 450.0                            LAT/LON1/LON2/DLON/H
  126  129  131  132  134  137  140  143  145  146  145  142  139  136  133  131
  130  129  127  124  121  118  116  116  119  124  130  137  142  147  152  156
  161  168  176  184  191  197  199  199  197  192  185  178  171  163  156  149
  143  138  135  133  131  130  128  127  125  123  122  120  120  120  121  123
  124  125  124  124  123  122  123  124  126
   -62.5-180.0 180.0   5.0 450.0                            LAT/LON1/LON2/DLON/H
  125  130  134  138  141  144  147  148  149  149  146  142  137  132  128  124
  121  118  115  112  109  107  106  107  111  116  123  131  139  147  155  164
  173  183  194  204  213  218  220  218  212  203  192  180  168  157  147  139
  132  128  126  125  125  125  125  124  122  120  117  115  112  110  109  109
  109  109  109  110  111  113  116  120  125
   -65.0-180.0 180.0   5.0 450.0                            LAT/LON1/LON2/DLON/H
  116  123  130  137  143  148  152  154  155  155  152  148  143  138  132  127
  123  119  115  112  110  108  108  109  113  119  126  135  144  155  166  179
  191  204  217  228  236  241  241  236  227  214  199  183  167  152  140  130
  123  118  116  116  118  119  120  120  118  116  112  108  103   99   95   93
   90   89   89   90   93   96  102  108  116
   -67.5-180.0 180.0   5.0 450.0                            LAT/LON1/LON2/DLON/H
  101  111  121  131  139  147  153  158  161  162  161  159  155  150  146  141
  136  132  128  125  122  121  121  122  126  131  139  148  159  171  184  198
  212  226  239  250  257  260  257  250  238  223  205  186  167  150  135  124
  116  111  109  110  111  113  115  115  114  111  107  101   95   89   82   77
   72   69   68   69   72   76   83   92  101
   -70.0-180.0 180.0   5.0 450.0                            LAT/LON1/LON2/DLON/H
   85   97  109  121  132  143  152  159  165  168  170  170  169  167  164  160
  156  153  149  146  144  142  142  143  147  152  159  167  178  190  203  217
  230  243  255  264  269  269  265  256  243  226  207  187  167  149  134  122
  113  108  106  106  108  110  111  112  111  108  103   96   89   81   73   65
   59   54   51   51   53   58   65   74   85
   -72.5-180.0 180.0   5.0 450.0                            LAT/LON1/LON2/DLON/H
   72   84   97  110  124  136  147  157  165  172  177  180  181  182  181  179
  177  175  172  170  168  167  167  168  170  174  180  188  197  207  219  230
  242  252  261  267  269  268  262  252  239  222  204  185  167  149  135  123
  115  109  107  106  107  108  109  109  108  105   99   93   85   76   67   59
   51   46   42   41   42   46   53   61   72
   -75.0-180.0 180.0   5.0 450.0                            LAT/LON1/LON2/DLON/H
   66   77   89  102  116  129  141  152  163  171  178  184  188  191  193  193
  193  192  191  190  189  188  188  189  191  194  198  204  211  219  227  235
  243  250  255  258  258  255  249  239  227  213  197  180  164  150  137  127
  119  113  110  109  108  108  108  107  105  102   97   91   83   75   66   58
   51   45   41   39   40   43   48   56   66
   -77.5-180.0 180.0   5.0 450.0                            LAT/LON1/LON2/DLON/H
   67   76   87   99  111  123  135  146  157  166  175  182  187  192  196  198
  200  200  201  201  201  201  201  202  203  205  208  212  216  221  226  231
  235  238  240  241  239  235  228  220  210  198  186  173  161  149  139  130
  123  118  114  112  110  109  107  106  103  100   95   89   83   76   69   62
   56   51   47   46   46   48   52   59   67
   -80.0-180.0 180.0   5.0 450.0                            LAT/LON1/LON2/DLON/H
   75   82   91  100  110  120  130  140  149  158  166  173  179  185  189  193
  196  198  199  200  201  202  203  204  205  206  208  209  212  214  216  218
  219  219  219  217  214  210  205  198  190  182  173  164  155  146  139  132
  126  121  117  114  112  109  107  104  102   98   94   90   85   80   75   70
   65   62   59   58   58   60   64   68   75
   -82.5-180.0 180.0   5.0 450.0                            LAT/LON1/LON2/DLON/H
   87   92   98  105  112  119  126  134  141  148  155  161  166  171  176  179
  183  185  188  189  191  192  193  194  195  196  196  197  198  198  198  198
  197  196  195  193  190  186  182  177  171  166  160  154  148  142  137  132
  127  123  119  116  113  110  108  105  102   99   96   93   89   86   83   80
   78   76   75   74   75   77   79   83   87
   -85.0-180.0 180.0   5.0 450.0                            LAT/LON1/LON2/DLON/H
  101  105  108  112  116  121  125  130  135  139  144  148  152  156  159  162
  165  167  169  171  173  174  175  176  177  177  177  177  177  177  176  176
  174  173  171  169  167  164  162  158  155  152  148  144  141  137  134  130
  127  124  121  118  116  113  111  108  106  104  102  100   98   96   95   94
   93   92   92   92   93   95   96   99  101
   -87.5-180.0 180.0   5.0 450.0                            LAT/LON1/LON2/DLON/H
  116  118  119  121  123  125  127  129  131  133  135  138  139  141  143  145
  146  148  149  150  151  152  153  154  154  154  154  154  154  154  153  153
  152  151  150  149  148  146  145  143  142  140  138  137  135  133  131  129
  128  126  124  123  121  120  118  117  116  115  114  113  112  112  111  111
  111  111  111  111  112  113  114  115  116
    15                                                      END OF TEC MAP    
	START OF TEC MAP
  2005     1     2    14     0     0                        EPOCH OF CURRENT MAP
    87.5-180.0 180.0   5.0 450.0                            LAT/LON1/LON2/DLON/H
   32   32   31   31   31   30   30   30   29   29   29   28   28   28   27   27
   27   26   26   26   25   25   25   25   24   24   24   24   24   24   24   24
   24   24   24   25   25   25   26   26   27   27   28   29   29   30   30   31
   32   32   33   34   34   34   35   35   35   36   36   36   36   36   35   35
   35   35   34   34   34   33   33   32   32
    85.0-180.0 180.0   5.0 450.0                            LAT/LON1/LON2/DLON/H
   32   32   31   31   30   30   29   29   29   29   28   28   28   28   27   27
   26   26   25   25   24   23   23   22   22   21   21   20   20   20   20   20
   20   20   20   21   21   22   22   23   24   25   26   27   29   30   31   33
   34   36   37   39   40   41   42   42   43   43   43   43   42   42   41   40
   39   39   38   37   36   35   34   33   32
    82.5-180.0 180.0   5.0 450.0                            LAT/LON1/LON2/DLON/H
   31   30   29   29   29   29   29   29   29   29   29   29   29   29   29   28
   28   27   27   26   25   24   23   22   22   21   20   20   20   19   19   19
   19   19   20   20   20   20   21   21   22   23   24   26   28   30   32   34
   37   39   41   43   45   47   48   49   50   50   50   49   48   47   46   44
   42   41   39   37   35   34   33   31   31
    80.0-180.0 180.0   5.0 450.0                            LAT/LON1/LON2/DLON/H
   29   28   28   28   28   28   28   29   29   30   30   30   31   31   31   31
   30   30   29   28   28   27   26   25   24   23   23   23   23   23   23   23
   24   24   24   23   23   23   23   22   22   23   24   25   26   29   31   34
   37   41   44   47   49   52   54   55   55   55   55   54   52   51   48   46
   44   41   39   36   34   32   31   30   29
    77.5-180.0 180.0   5.0 450.0                            LAT/LON1/LON2/DLON/H
   29   29   29   29   30   30   30   31   31   31   32   32   32   33   33   33
   33   33   33   32   31   30   30   29   28   28   29   29   30   31   31   32
   33   33   32   32   31   29   28   26   25   24   23   24   25   27   29   32
   36   40   44   48   51   54   56   57   58   58   57   56   54   52   49   47
   44   41   38   36   34   32   31   30   29
    75.0-180.0 180.0   5.0 450.0                            LAT/LON1/LON2/DLON/H
   33   34   34   35   35   35   35   35   34   34   33   33   34   34   35   36
   36   36   36   36   36   35   35   34   35   35   36   37   39   41   42   44
   44   45   44   43   41   39   36   32   29   27   24   23   23   24   26   29
   33   38   42   46   50   52   55   56   56   56   55   54   53   51   49   47
   44   42   39   37   35   34   33   33   33
    72.5-180.0 180.0   5.0 450.0                            LAT/LON1/LON2/DLON/H
   41   43   44   45   45   45   44   42   39   37   35   34   34   34   36   37
   38   39   40   40   41   40   40   41   41   43   45   47   49   52   54   56
   57   57   56   54   51   48   44   39   34   30   26   23   22   22   23   26
   30   34   39   43   46   48   50   51   51   51   51   50   50   49   48   46
   45   43   42   40   40   39   39   40   41
    70.0-180.0 180.0   5.0 450.0                            LAT/LON1/LON2/DLON/H
   52   55   58   59   59   58   55   51   46   41   37   35   34   34   35   38
   40   42   44   45   45   46   46   47   49   51   53   56   59   62   64   65
   66   66   64   62   59   55   50   45   39   34   29   24   22   21   21   24
   27   31   35   38   41   42   43   44   44   44   45   45   46   46   46   46
   46   46   45   45   45   46   48   50   52
    67.5-180.0 180.0   5.0 450.0                            LAT/LON1/LON2/DLON/H
   64   69   73   75   75   73   68   61   53   45   39   35   33   33   35   38
   41   44   47   48   50   51   52   53   56   58   61   64   67   70   72   72
   72   70   68   65   62   58   53   48   43   38   32   28   24   22   22   23
   26   29   32   34   36   36   36   36   37   37   39   41   42   44   46   47
   48   49   50   50   52   53   56   60   64
    65.0-180.0 180.0   5.0 450.0                            LAT/LON1/LON2/DLON/H
   74   80   86   90   91   88   81   71   60   49   41   35   32   32   35   38
   42   46   49   51   53   55   57   59   62   65   69   72   75   77   77   76
   74   71   67   64   60   57   54   50   47   42   38   33   29   27   25   25
   27   29   30   31   32   31   31   30   31   33   35   38   41   44   47   49
   50   52   53   55   57   59   63   68   74
    62.5-180.0 180.0   5.0 450.0                            LAT/LON1/LON2/DLON/H
   80   88   96  102  103  100   92   80   66   53   42   35   32   32   35   39
   43   47   51   53   56   58   61   65   69   73   77   80   82   83   82   79
   75   70   65   61   57   55   53   52   50   48   45   42   38   35   32   31
   31   31   32   31   30   29   28   28   29   31   35   39   43   46   49   51
   53   54   56   58   60   63   67   73   80
    60.0-180.0 180.0   5.0 450.0                            LAT/LON1/LON2/DLON/H
   81   91  101  108  112  109  100   86   70   55   43   35   32   32   35   40
   44   48   51   54   57   61   65   70   75   80   85   88   90   90   88   84
   79   72   66   60   56   54   54   54   55   56   55   53   49   46   42   39
   37   36   35   34   32   30   29   29   31   35   39   44   48   51   53   54
   55   56   58   60   62   64   68   74   81
    57.5-180.0 180.0   5.0 450.0                            LAT/LON1/LON2/DLON/H
   79   89  101  110  115  113  104   89   72   56   44   36   33   34   36   40
   44   47   50   53   57   62   69   75   82   89   94   98  100  100   98   93
   87   79   71   65   60   58   58   60   63   65   66   65   63   59   54   50
   46   43   41   39   37   35   34   35   38   42   47   52   55   57   57   57
   57   58   60   62   63   64   66   71   79
    55.0-180.0 180.0   5.0 450.0                            LAT/LON1/LON2/DLON/H
   73   84   97  108  115  114  106   91   73   57   45   38   35   36   38   40
   42   45   47   51   56   63   72   81   90   98  104  109  112  113  111  107
  100   92   84   77   71   68   68   70   73   76   78   79   77   72   67   61
   56   52   49   47   45   43   42   44   47   52   57   62   64   64   63   61
   60   61   62   64   64   64   64   67   73
    52.5-180.0 180.0   5.0 450.0                            LAT/LON1/LON2/DLON/H
   67   77   90  103  112  113  105   90   73   58   47   40   38   38   39   40
   41   42   45   49   56   65   76   88   99  108  115  121  124  126  125  122
  117  110  102   95   89   85   83   83   85   87   90   91   89   85   79   72
   65   61   58   56   54   53   52   54   57   62   67   71   72   71   68   65
   64   65   66   68   67   65   63   63   67
    50.0-180.0 180.0   5.0 450.0                            LAT/LON1/LON2/DLON/H
   62   70   83   97  107  109  103   89   73   59   49   44   42   41   40   39
   39   41   44   49   57   68   81   95  108  118  126  132  136  139  139  137
  133  128  122  116  111  106  101   99   98   98  100  101  100   96   89   82
   75   70   67   65   64   63   63   64   67   71   75   78   79   77   73   70
   68   69   71   73   72   68   63   60   62
    47.5-180.0 180.0   5.0 450.0                            LAT/LON1/LON2/DLON/H
   58   64   76   90  101  105  100   88   73   61   53   49   47   45   42   40
   39   41   45   51   60   72   87  102  117  128  137  143  146  148  148  146
  143  141  139  136  132  127  121  115  111  109  108  109  108  105   98   90
   83   78   75   74   74   73   73   74   75   77   80   82   83   81   77   74
   73   74   77   78   77   72   64   59   58
    45.0-180.0 180.0   5.0 450.0                            LAT/LON1/LON2/DLON/H
   56   59   70   83   95  100   97   86   73   63   57   54   52   49   45   42
   42   45   50   57   66   78   94  110  125  138  146  151  154  153  150  148
  146  146  148  149  148  145  139  132  124  119  116  116  115  112  106   98
   90   85   83   82   82   82   81   80   80   80   81   83   84   83   81   78
   77   78   81   83   82   76   67   59   56
    42.5-180.0 180.0   5.0 450.0                            LAT/LON1/LON2/DLON/H
   56   57   64   77   88   94   92   84   73   65   61   59   57   53   48   46
   48   53   59   66   75   86  101  118  133  146  155  159  159  155  148  142
  140  142  148  155  159  159  155  147  138  130  125  122  121  118  112  104
   96   92   90   89   89   88   87   85   82   80   79   81   83   84   83   80
   79   80   83   85   84   79   70   61   56
    40.0-180.0 180.0   5.0 450.0                            LAT/LON1/LON2/DLON/H
   57   55   60   70   81   87   87   80   72   66   64   63   61   57   53   52
   57   64   73   79   86   95  109  125  141  154  163  166  164  155  143  133
  129  134  145  156  165  169  169  163  154  144  136  131  129  125  118  110
  102   97   95   94   93   92   91   88   84   79   76   78   81   84   84   81
   79   79   81   83   83   80   72   64   57
    37.5-180.0 180.0   5.0 450.0                            LAT/LON1/LON2/DLON/H
   59   55   57   64   73   79   80   75   69   65   64   65   65   61   58   60
   68   79   88   94   98  105  117  132  148  162  172  175  171  158  140  126
  121  129  143  158  171  179  183  181  173  162  151  144  139  134  126  116
  108  103   99   97   95   95   94   91   85   78   74   75   80   84   85   82
   77   75   76   79   80   79   74   67   59
    35.0-180.0 180.0   5.0 450.0                            LAT/LON1/LON2/DLON/H
   63   57   55   58   66   72   73   70   65   62   63   66   67   65   65   69
   81   95  105  110  111  115  125  139  155  170  182  187  182  166  145  128
  124  135  152  170  183  193  200  203  198  187  173  162  154  147  137  125
  116  109  105  101   98   97   97   96   89   80   73   73   79   85   86   81
   75   70   70   72   76   77   75   70   63
    32.5-180.0 180.0   5.0 450.0                            LAT/LON1/LON2/DLON/H
   68   60   55   56   60   65   67   65   61   59   61   65   68   69   71   79
   94  110  121  125  124  125  133  146  162  179  193  202  198  182  160  144
  144  159  180  196  206  215  224  230  229  218  201  186  174  163  151  138
  126  119  113  107  103  102  104  103   96   85   75   74   80   86   87   80
   72   65   64   66   71   76   77   75   68
    30.0-180.0 180.0   5.0 450.0                            LAT/LON1/LON2/DLON/H
   74   65   58   56   58   61   63   61   58   56   58   63   68   72   78   89
  106  124  135  138  136  136  142  153  169  187  205  218  218  205  186  176
  184  206  229  241  243  245  253  263  265  254  235  215  199  185  170  155
  143  134  126  118  112  110  114  115  107   93   80   76   81   87   87   80
   69   62   60   63   69   76   80   80   74
    27.5-180.0 180.0   5.0 450.0                            LAT/LON1/LON2/DLON/H
   80   72   63   59   59   61   62   60   57   54   56   61   68   76   85   98
  117  136  147  150  148  147  151  161  175  194  215  233  239  232  220  220
  240  271  296  302  292  284  288  300  305  294  271  247  228  213  196  179
  166  156  147  136  127  125  129  131  123  104   86   79   82   88   87   79
   68   61   59   62   69   77   84   85   80
    25.0-180.0 180.0   5.0 450.0                            LAT/LON1/LON2/DLON/H
   85   77   70   65   64   64   64   62   58   55   55   61   69   80   92  108
  127  145  157  161  160  159  162  168  180  198  221  245  258  258  257  270
  304  347  374  371  347  327  325  337  344  334  308  282  261  244  227  210
  197  187  176  162  150  146  150  152  141  118   94   82   83   87   86   79
   69   63   61   65   72   80   87   89   85
    22.5-180.0 180.0   5.0 450.0                            LAT/LON1/LON2/DLON/H
   86   80   75   71   69   69   68   66   62   58   56   61   71   84   99  117
  136  154  167  172  173  172  173  175  182  198  223  251  270  279  289  316
  366  420  449  438  400  367  359  372  381  370  344  315  295  279  264  247
  234  223  212  195  179  173  175  175  161  132  102   85   83   86   85   78
   71   66   66   69   75   82   88   90   86
    20.0-180.0 180.0   5.0 450.0                            LAT/LON1/LON2/DLON/H
   83   79   77   75   74   72   72   71   67   62   59   61   72   88  107  126
  145  163  177  185  187  187  184  181  182  194  219  250  275  292  312  352
  415  479  509  491  442  399  387  400  411  401  374  346  328  316  303  287
  274  264  251  232  212  202  201  199  180  147  111   89   83   84   83   78
   73   70   71   73   78   83   87   86   83
    17.5-180.0 180.0   5.0 450.0                            LAT/LON1/LON2/DLON/H
   75   73   74   75   74   73   73   73   72   66   61   62   73   92  113  134
  154  172  188  199  204  203  195  185  180  188  212  244  273  296  323  373
  445  514  545  523  467  419  406  420  433  425  398  372  358  350  341  327
  313  303  289  268  244  230  226  220  198  160  120   93   83   82   81   77
   74   74   74   75   78   80   81   79   75
    15.0-180.0 180.0   5.0 450.0                            LAT/LON1/LON2/DLON/H
   62   62   65   69   70   69   70   73   74   69   61   60   71   93  118  141
  162  182  200  214  222  219  207  190  177  181  204  237  268  294  325  379
  453  523  553  530  474  426  414  430  446  439  414  392  382  380  374  360
  347  335  320  297  271  253  245  237  213  172  129   99   86   82   80   77
   75   75   75   75   75   75   73   67   62
    12.5-180.0 180.0   5.0 450.0                            LAT/LON1/LON2/DLON/H
   48   47   53   59   60   59   62   68   72   68   60   57   68   91  120  147
  171  192  213  230  240  236  219  195  177  178  200  233  265  292  323  374
  444  509  537  516  465  423  415  433  449  444  422  404  400  402  398  385
  369  356  341  316  288  267  257  247  223  183  140  108   92   86   81   78
   76   75   73   71   70   69   64   55   48
    10.0-180.0 180.0   5.0 450.0                            LAT/LON1/LON2/DLON/H
   34   32   38   45   46   46   50   60   67   64   55   51   61   87  120  151
  177  202  225  246  257  252  231  203  182  182  203  237  268  294  323  368
  427  482  507  489  447  414  411  430  445  440  422  409  410  415  411  396
  379  364  347  322  294  272  261  251  229  192  151  120  102   93   86   81
   77   74   71   67   65   63   56   44   34
     7.5-180.0 180.0   5.0 450.0                            LAT/LON1/LON2/DLON/H
   25   21   26   31   33   32   38   50   59   58   49   43   53   81  117  152
  182  209  236  260  273  268  245  215  194  194  216  250  281  306  331  366
  412  454  473  461  430  406  406  423  435  430  415  407  412  419  414  396
  375  357  340  316  289  268  257  249  231  199  164  135  116  104   94   87
   81   75   68   63   62   60   52   38   25
     5.0-180.0 180.0   5.0 450.0                            LAT/LON1/LON2/DLON/H
   22   15   18   22   22   21   27   41   52   52   42   36   46   75  113  152
  185  215  244  270  285  282  261  232  214  216  239  273  304  329  350  375
  406  434  448  441  421  405  404  414  421  415  404  401  408  415  407  386
  361  341  323  302  277  258  249  243  229  205  176  151  132  118  106   96
   87   78   69   63   62   62   54   38   22
     2.5-180.0 180.0   5.0 450.0                            LAT/LON1/LON2/DLON/H
   27   17   17   19   17   16   22   35   47   47   38   32   42   70  110  151
  187  219  249  276  293  294  277  254  240  246  271  303  334  358  377  395
  413  429  437  435  423  412  406  406  405  399  393  394  402  407  396  371
  342  320  302  283  263  246  239  235  227  209  187  166  150  135  122  109
   97   84   73   67   68   69   61   45   27
     0.0-180.0 180.0   5.0 450.0                            LAT/LON1/LON2/DLON/H
   39   27   24   23   20   19   24   36   45   45   37   31   41   70  110  152
  189  221  250  278  298  303  293  278  271  281  305  336  366  390  409  422
  430  437  442  444  438  427  413  401  392  385  383  389  398  400  385  356
  325  300  283  267  250  237  230  228  223  212  196  181  167  154  140  125
  111   96   83   76   78   80   74   58   39
    -2.5-180.0 180.0   5.0 450.0                            LAT/LON1/LON2/DLON/H
   57   44   38   35   31   29   33   41   48   47   39   36   46   74  113  155
  191  222  249  276  298  309  309  303  303  316  339  367  394  418  438  449
  453  455  459  464  462  447  424  400  383  377  381  390  399  397  378  347
  313  287  270  256  242  231  225  223  220  213  203  192  183  172  159  144
  127  110   96   89   91   94   89   75   57
    -5.0-180.0 180.0   5.0 450.0                            LAT/LON1/LON2/DLON/H
   77   65   57   52   47   45   46   51   54   52   46   45   56   82  120  160
  194  222  247  271  295  312  321  325  333  348  368  390  413  436  457  470
  474  474  479  488  487  470  437  403  382  379  387  399  406  400  378  344
  310  282  265  252  241  231  224  220  217  211  206  200  195  188  177  163
  146  127  112  104  105  108  105   93   77
    -7.5-180.0 180.0   5.0 450.0                            LAT/LON1/LON2/DLON/H
   97   86   78   71   66   63   62   64   63   59   55   57   69   94  129  166
  198  223  243  264  288  311  329  343  357  373  389  405  421  442  464  479
  485  489  497  508  510  489  451  412  391  391  403  416  420  409  384  349
  314  285  266  253  242  233  225  218  213  208  205  204  204  201  193  181
  164  145  129  120  119  121  119  110   97
   -10.0-180.0 180.0   5.0 450.0                            LAT/LON1/LON2/DLON/H
  115  106   97   89   83   80   78   76   71   67   65   69   83  106  138  172
  201  222  238  256  280  307  332  354  374  390  402  410  420  437  458  476
  486  493  506  521  524  504  465  427  409  412  427  438  436  420  392  357
  321  290  269  255  244  234  224  214  206  201  201  204  209  210  206  195
  179  161  145  135  132  132  130  124  115
   -12.5-180.0 180.0   5.0 450.0                            LAT/LON1/LON2/DLON/H
  130  122  112  104   97   94   90   85   79   74   74   81   96  117  145  176
  202  220  232  247  270  300  331  359  383  399  408  410  413  425  444  463
  476  488  505  523  530  513  479  447  433  441  455  460  451  429  399  363
  326  293  269  254  242  232  220  207  197  192  193  200  209  214  213  205
  190  174  159  149  143  141  139  135  130
   -15.0-180.0 180.0   5.0 450.0                            LAT/LON1/LON2/DLON/H
  139  133  123  113  106  102   98   92   84   79   82   91  105  125  149  177
  200  216  226  238  260  291  326  359  385  402  408  406  404  411  427  446
  462  477  497  518  528  517  491  468  461  469  479  476  459  431  398  361
  324  290  263  246  234  223  210  196  185  179  182  192  204  213  214  208
  196  183  170  160  152  147  145  143  139
   -17.5-180.0 180.0   5.0 450.0                            LAT/LON1/LON2/DLON/H
  145  139  128  117  110  106  102   95   86   83   87   98  112  129  150  174
  195  209  218  229  250  282  319  354  383  400  405  402  397  401  413  431
  448  465  486  508  520  517  501  487  485  491  493  481  454  421  386  350
  313  277  249  231  219  209  196  182  169  164  168  180  194  205  208  205
  196  187  177  168  159  152  148  147  145
   -20.0-180.0 180.0   5.0 450.0                            LAT/LON1/LON2/DLON/H
  146  139  128  117  109  106  102   95   88   86   92  104  117  130  147  168
  187  201  209  220  242  273  311  347  376  394  401  398  394  395  406  423
  439  457  477  497  511  513  505  499  499  500  492  469  435  398  363  328
  293  258  230  212  201  192  180  165  153  148  153  166  180  191  196  194
  190  186  181  174  164  155  149  148  146
   -22.5-180.0 180.0   5.0 450.0                            LAT/LON1/LON2/DLON/H
  142  136  124  113  106  103  100   95   89   89   97  108  120  131  144  161
  178  191  200  212  234  265  301  336  365  385  393  394  392  395  406  421
  438  454  472  489  501  505  502  499  498  492  474  442  403  364  331  300
  267  234  208  192  183  176  164  150  138  133  138  150  163  173  178  179
  179  180  180  176  167  156  148  145  142
   -25.0-180.0 180.0   5.0 450.0                            LAT/LON1/LON2/DLON/H
  135  128  118  107  101   99   98   94   91   93  102  114  124  133  142  155
  169  182  192  205  226  256  290  323  351  370  382  387  389  395  408  425
  441  456  470  482  490  492  490  486  480  467  440  402  361  325  296  269
  241  213  190  177  171  165  154  140  127  121  124  133  144  152  156  159
  164  171  176  175  166  154  144  139  135
   -27.5-180.0 180.0   5.0 450.0                            LAT/LON1/LON2/DLON/H
  126  119  109   99   95   94   94   93   93   97  107  120  130  137  143  152
  164  174  184  198  218  246  277  307  332  351  365  373  381  392  408  427
  445  459  468  474  476  473  468  460  448  427  394  355  317  286  263  242
  219  196  179  170  166  161  150  134  119  111  112  118  125  130  133  137
  146  157  167  169  161  149  138  131  126
   -30.0-180.0 180.0   5.0 450.0                            LAT/LON1/LON2/DLON/H
  114  107   99   92   89   89   91   92   94  101  113  127  137  143  148  154
  162  170  179  191  209  234  261  287  308  326  341  353  365  381  400  422
  442  456  463  463  458  449  437  423  404  378  345  308  277  253  237  222
  204  188  176  171  169  163  151  133  115  105  102  105  109  110  111  116
  126  141  154  158  153  140  128  120  114
   -32.5-180.0 180.0   5.0 450.0                            LAT/LON1/LON2/DLON/H
  102   96   90   85   83   85   87   90   94  103  117  132  145  152  156  160
  164  169  175  185  200  220  242  263  281  297  312  325  341  360  383  407
  430  444  449  445  434  419  400  380  357  329  298  268  245  229  219  209
  196  185  178  176  175  169  153  133  113  100   95   95   95   94   93   97
  108  124  138  144  140  129  117  108  102
   -35.0-180.0 180.0   5.0 450.0                            LAT/LON1/LON2/DLON/H
   91   87   82   79   78   80   83   87   92  103  119  136  151  160  165  168
  170  172  174  180  190  205  222  238  253  267  280  294  310  331  355  382
  405  421  426  421  406  386  363  338  312  286  260  238  223  214  208  200
  191  183  180  180  179  171  154  131  110   96   89   88   86   83   80   82
   91  106  120  127  125  116  105   97   91
   -37.5-180.0 180.0   5.0 450.0                            LAT/LON1/LON2/DLON/H
   83   79   76   74   75   77   79   83   90  101  118  137  154  167  174  178
  178  177  176  176  181  190  202  214  226  238  250  263  279  298  322  348
  372  389  396  390  375  353  328  302  277  253  233  218  209  204  200  193
  185  178  176  177  175  166  147  123  102   89   84   82   81   77   72   71
   77   89  101  109  109  102   94   87   83
   -40.0-180.0 180.0   5.0 450.0                            LAT/LON1/LON2/DLON/H
   77   74   72   72   72   74   77   80   87   98  115  134  154  169  180  186
  187  184  179  175  175  178  185  194  205  215  226  238  251  267  288  311
  334  352  360  358  345  324  300  275  252  232  216  206  200  196  190  182
  172  166  164  165  162  150  131  109   90   79   77   78   78   75   69   65
   67   74   84   91   92   89   84   80   77
   -42.5-180.0 180.0   5.0 450.0                            LAT/LON1/LON2/DLON/H
   72   71   70   70   71   73   76   79   84   94  110  129  149  167  182  190
  193  191  184  177  172  171  174  181  190  200  210  220  230  242  258  277
  298  315  325  326  318  301  281  259  238  220  207  198  192  185  176  165
  154  147  145  144  139  128  109   89   74   68   70   75   78   76   69   63
   60   63   69   75   78   78   76   74   72
   -45.0-180.0 180.0   5.0 450.0                            LAT/LON1/LON2/DLON/H
   69   68   68   70   72   74   77   79   84   92  105  122  142  161  178  191
  196  195  189  180  173  168  168  174  182  193  202  211  218  226  236  250
  266  282  294  299  295  285  268  249  231  214  201  190  180  170  157  144
  132  125  122  120  115  103   86   69   59   57   64   73   80   79   73   64
   58   56   58   62   66   68   69   69   69
   -47.5-180.0 180.0   5.0 450.0                            LAT/LON1/LON2/DLON/H
   65   65   66   69   72   76   80   83   86   91  101  115  132  152  171  186
  195  197  193  184  175  169  168  172  180  191  200  207  212  216  221  229
  242  256  269  277  278  272  260  244  226  209  194  180  166  152  138  124
  114  108  106  104   99   87   72   57   50   52   62   74   83   85   79   69
   60   54   53   55   58   61   63   64   65
   -50.0-180.0 180.0   5.0 450.0                            LAT/LON1/LON2/DLON/H
   60   61   63   67   72   78   83   87   89   92   98  108  122  140  159  176
  189  194  193  186  178  171  169  172  180  190  199  205  208  208  210  215
  223  236  248  259  264  261  253  238  221  203  185  168  152  137  124  114
  108  106  106  105  100   88   74   61   54   57   68   81   91   93   88   78
   67   58   53   52   54   56   58   59   60
   -52.5-180.0 180.0   5.0 450.0                            LAT/LON1/LON2/DLON/H
   54   55   58   64   72   80   86   91   92   93   95  101  111  126  144  162
  177  186  188  184  177  171  168  170  177  185  193  198  200  200  199  202
  208  219  232  243  250  251  244  231  214  195  176  159  144  132  125  121
  122  126  130  131  125  113   98   84   76   76   84   95  103  105  101   90
   78   68   60   57   55   55   55   54   54
   -55.0-180.0 180.0   5.0 450.0                            LAT/LON1/LON2/DLON/H
   51   51   54   61   70   80   88   93   94   93   92   93  100  111  127  145
  160  171  176  175  171  166  162  163  167  174  180  184  186  186  185  187
  194  204  216  228  236  238  233  222  206  189  172  157  147  143  144  150
  160  172  180  183  177  164  146  128  115  110  112  117  122  122  117  107
   95   84   74   67   63   59   56   53   51
   -57.5-180.0 180.0   5.0 450.0                            LAT/LON1/LON2/DLON/H
   51   50   52   59   68   78   87   92   92   90   87   85   88   96  109  124
  140  152  158  160  157  153  150  149  151  155  159  163  165  166  167  171
  178  189  202  214  222  226  223  214  202  188  176  168  167  172  184  201
  220  239  251  255  249  233  211  188  168  155  149  147  146  143  137  128
  117  105   94   85   77   69   62   56   51
   -60.0-180.0 180.0   5.0 450.0                            LAT/LON1/LON2/DLON/H
   58   55   55   60   68   77   84   88   88   85   80   77   77   81   91  104
  117  129  136  139  139  135  132  130  130  132  134  138  141  144  148  154
  163  175  189  201  211  216  216  211  204  196  192  193  202  218  240  267
  294  318  333  338  330  311  284  255  228  206  190  180  173  167  160  151
  141  130  119  108   97   86   75   66   58
   -62.5-180.0 180.0   5.0 450.0                            LAT/LON1/LON2/DLON/H
   73   67   65   67   72   78   83   85   84   80   74   69   67   69   75   85
   96  106  114  118  118  116  112  110  108  109  111  114  119  124  131  141
  153  167  181  195  206  213  216  217  216  216  220  231  249  274  305  338
  369  395  411  414  404  382  351  317  283  254  230  213  200  191  182  174
  165  155  145  133  121  108   95   83   73
   -65.0-180.0 180.0   5.0 450.0                            LAT/LON1/LON2/DLON/H
   94   86   81   79   80   83   84   84   81   76   70   65   61   61   65   72
   81   89   96   99  101   99   97   95   94   94   96  100  106  114  124  137
  151  166  182  197  209  219  226  232  237  245  258  276  300  331  365  400
  432  456  469  470  457  432  399  362  324  290  261  238  222  209  200  193
  185  178  168  158  146  132  119  106   94
   -67.5-180.0 180.0   5.0 450.0                            LAT/LON1/LON2/DLON/H
  119  110  102   98   95   93   91   88   84   78   72   66   63   62   64   68
   74   81   87   90   92   93   92   91   91   93   96  101  109  119  131  145
  161  177  194  209  223  235  246  256  266  280  297  319  346  377  410  442
  469  489  498  495  479  454  420  382  343  307  276  252  233  220  211  204
  199  193  186  178  168  156  144  131  119
   -70.0-180.0 180.0   5.0 450.0                            LAT/LON1/LON2/DLON/H
  144  134  126  119  114  109  104   99   94   88   82   77   73   72   73   76
   80   86   90   94   97   99  101  102  104  107  112  119  128  139  153  167
  183  199  216  231  245  259  271  283  297  312  331  353  378  405  432  457
  477  489  492  485  468  442  410  374  338  304  275  251  232  220  211  206
  203  200  196  190  183  175  165  154  144
   -72.5-180.0 180.0   5.0 450.0                            LAT/LON1/LON2/DLON/H
  163  155  148  141  134  128  123  117  111  105  100   96   93   92   93   95
   99  103  108  113  117  120  124  127  132  137  143  152  161  173  186  200
  214  229  244  258  272  284  297  309  322  336  352  370  390  409  428  443
  454  459  457  446  428  404  375  344  312  283  257  236  220  209  203  199
  197  197  195  193  190  185  179  171  163
   -75.0-180.0 180.0   5.0 450.0                            LAT/LON1/LON2/DLON/H
  175  170  165  160  154  149  144  139  134  129  126  123  121  121  122  125
  128  132  137  142  147  152  157  163  169  175  183  192  202  212  224  236
  248  261  273  285  296  306  316  326  336  347  358  369  381  392  401  407
  410  408  400  388  370  349  324  299  274  250  230  213  201  192  187  185
  185  186  187  188  188  186  184  180  175
   -77.5-180.0 180.0   5.0 450.0                            LAT/LON1/LON2/DLON/H
  180  178  176  173  170  167  164  161  158  156  154  153  153  154  156  159
  163  167  172  177  183  189  195  201  208  215  223  231  240  249  258  268
  277  286  295  303  311  318  325  331  336  342  347  352  356  358  359  358
  355  348  338  325  309  291  271  252  233  216  201  189  180  174  171  170
  171  173  175  178  180  181  182  182  180
   -80.0-180.0 180.0   5.0 450.0                            LAT/LON1/LON2/DLON/H
  180  181  182  182  182  181  181  180  180  180  180  181  183  185  188  191
  195  200  205  210  216  222  228  234  240  247  254  260  267  274  281  287
  294  299  305  309  313  317  319  321  323  324  324  323  321  318  314  308
  301  292  281  269  256  242  228  214  201  189  179  171  165  161  159  159
  160  163  165  169  172  175  177  179  180
   -82.5-180.0 180.0   5.0 450.0                            LAT/LON1/LON2/DLON/H
  180  183  185  187  189  191  193  195  196  198  201  203  206  209  212  216
  220  224  229  234  239  244  249  254  259  264  269  274  279  283  287  291
  294  297  299  301  302  302  302  301  299  297  294  290  285  280  274  267
  259  250  241  232  222  212  202  193  184  177  171  165  162  159  158  158
  159  161  163  166  169  172  175  178  180
   -85.0-180.0 180.0   5.0 450.0                            LAT/LON1/LON2/DLON/H
  185  188  191  193  196  199  201  204  207  210  213  216  219  222  225  228
  232  235  239  243  246  250  254  257  260  264  267  269  272  274  276  277
  278  279  279  279  278  277  275  273  271  267  264  259  255  250  244  239
  233  226  220  214  208  201  196  190  185  181  177  174  172  170  169  169
  169  170  172  173  175  178  180  183  185
   -87.5-180.0 180.0   5.0 450.0                            LAT/LON1/LON2/DLON/H
  199  200  202  204  206  208  210  212  214  216  218  220  222  224  227  229
  231  233  235  237  239  241  243  244  246  247  248  249  250  251  251  252
  252  251  251  250  249  248  247  245  243  241  239  236  233  231  228  225
  222  219  216  213  210  207  205  202  200  198  196  195  194  193  192  192
  192  192  192  193  194  195  196  197  199
    15                                                      END OF TEC MAP    