2002 80 12.0 0.0 60.0 120.0 120.0 120.0 10.0 10.0 0.0 0.0
2002 80 12.0 2.0 60.0 120.0 120.0 120.0 10.0 10.0 0.0 0.0
2002 80 12.0 4.0 60.0 120.0 120.0 120.0 10.0 10.0 0.0 0.0
2002 80 12.0 6.0 60.0 120.0 120.0 120.0 10.0 10.0 0.0 0.0
2002 80 12.0 8.0 60.0 120.0 120.0 120.0 10.0 10.0 0.0 0.0
2002 80 12.0 10.0 60.0 120.0 120.0 120.0 10.0 10.0 0.0 0.0
2002 80 12.0 12.0 60.0 120.0 120.0 120.0 10.0 10.0 0.0 0.0
2002 80 12.0 14.0 60.0 120.0 120.0 120.0 10.0 10.0 0.0 0.0
2002 80 12.0 16.0 60.0 120.0 120.0 120.0 10.0 10.0 0.0 0.0
2002 80 12.0 18.0 60.0 120.0 120.0 120.0 10.0 10.0 0.0 0.0
2002 80 12.0 20.0 60.0 120.0 120.0 120.0 10.0 10.0 0.0 0.0
2002 80 12.0 22.0 60.0 120.0 120.0 120.0 10.0 10.0 0.0 0.0
2002 80 12.0 24.0 60.0 120.0 120.0 120.0 10.0 10.0 0.0 0.0
2002 80 12.0 26.0 60.0 120.0 120.0 120.0 10.0 10.0 0.0 0.0
2002 80 12.0 28.0 60.0 120.0 120.0 120.0 10.0 10.0 0.0 0.0
2002 80 12.0 30.0 60.0 120.0 120.0 120.0 10.0 10.0 0.0 0.0
2002 80 12.0 32.0 60.0 120.0 120.0 120.0 10.0 10.0 0.0 0.0
2002 80 12.0 34.0 60.0 120.0 120.0 120.0 10.0 10.0 0.0 0.0
2002 80 12.0 36.0 60.0 120.0 120.0 120.0 10.0 10.0 0.0 0.0
2002 80 12.0 38.0 60.0 120.0 120.0 120.0 10.0 10.0 0.0 0.0
2002 80 12.0 40.0 60.0 120.0 120.0 120.0 10.0 10.0 0.0 0.0
2002 80 12.0 42.0 60.0 120.0 120.0 120.0 10.0 10.0 0.0 0.0
2002 80 12.0 44.0 60.0 120.0 120.0 120.0 10.0 10.0 0.0 0.0
2002 80 12.0 46.0 60.0 120.0 120.0 120.0 10.0 10.0 0.0 0.0
2002 80 12.0 48.0 60.0 120.0 120.0 120.0 10.0 10.0 0.0 0.0
2002 80 12.0 50.0 60.0 120.0 120.0 120.0 10.0 10.0 0.0 0.0
2002 80 12.0 52.0 60.0 120.0 120.0 120.0 10.0 10.0 0.0 0.0
2002 80 12.0 54.0 60.0 120.0 120.0 120.0 10.0 10.0 0.0 0.0
2002 80 12.0 56.0 60.0 120.0 120.0 120.0 10.0 10.0 0.0 0.0
2002 80 12.0 58.0 60.0 120.0 120.0 120.0 10.0 10.0 0.0 0.0
2002 80 12.0 60.0 60.0 120.0 120.0 120.0 10.0 10.0 0.0 0.0
2002 80 12.0 62.0 60.0 120.0 120.0 120.0 10.0 10.0 0.0 0.0
2002 80 12.0 64.0 60.0 120.0 120.0 120.0 10.0 10.0 0.0 0.0
2002 80 12.0 66.0 60.0 120.0 120.0 120.0 10.0 10.0 0.0 0.0
2002 80 12.0 68.0 60.0 120.0 120.0 120.0 10.0 10.0 0.0 0.0
2002 80 12.0 70.0 60.0 120.0 120.0 120.0 10.0 10.0 0.0 0.0
2002 80 12.0 72.0 60.0 120.0 120.0 120.0 10.0 10.0 0.0 0.0
2002 80 12.0 74.0 60.0 120.0 120.0 120.0 10.0 10.0 0.0 0.0
2002 80 12.0 76.0 60.0 120.0 120.0 120.0 10.0 10.0 0.0 0.0
2002 80 12.0 78.0 60.0 120.0 120.0 120.0 10.0 10.0 0.0 0.0
2002 80 12.0 80.0 60.0 120.0 120.0 120.0 10.0 10.0 0.0 0.0
2002 80 12.0 82.0 60.0 120.0 120.0 120.0 10.0 10.0 0.0 0.0
2002 80 12.0 84.0 60.0 120.0 120.0 120.0 10.0 10.0 0.0 0.0
2002 80 12.0 86.0 60.0 120.0 120.0 120.0 10.0 10.0 0.0 0.0
2002 80 12.0 88.0 60.0 120.0 120.0 120.0 10.0 10.0 0.0 0.0
2002 80 12.0 90.0 60.0 120.0 120.0 120.0 10.0 10.0 0.0 0.0
2002 80 12.0 92.0 60.0 120.0 120.0 120.0 10.0 10.0 0.0 0.0
2002 80 12.0 94.0 60.0 120.0 120.0 120.0 10.0 10.0 0.0 0.0
2002 80 12.0 96.0 60.0 120.0 120.0 120.0 10.0 10.0 0.0 0.0
2002 80 12.0 98.0 60.0 120.0 120.0 120.0 10.0 10.0 0.0 0.0
2002 80 12.0 100.0 60.0 120.0 120.0 120.0 10.0 10.0 0.0 0.0
